1778839570
1778885090
1778885796
1778885910
1778886703
1778886708
1778886797
1778886798
1778886801
1778886947
1778887082
1778887089
1778887751
1778887753
1778887755
1778887973
1778888039
1778888138
1778888139
1778888148
1778888151
1778888152
1778888301
1778888305
1778888412
1778888571
1778888628
1778888646
1778888849
1778888902
1778889007
1778889068
1778889222
1778889344
1778889345
1778889435
1778889458
1778889566
1778930989
1778931268
1778931674
1778931788
1778932047
1778932885
1778932952
1778932953
1778933076
1778933080
1778933087
1778933188
1778933190
1778933437
1778933438
1778933446
1778933448
1778933507
1778933524
1778933547
1778933647
1778933648
1778934070
1778934243
1778934506
1778934509
1778934513
1778934561
1778934570
1778934586
1778934588
1778934904
1778934906
1778934968
1778934969
1778935207
1778935215
1778935386
1778935388
1778935777
1778935790
1778935870
1778936129
1778936281
1778936835
1778937278
1778937368
1778937369
1778940306
1778940455
1778940456
1778940654
1778940979
1778940988
1778941169
1778941174
1778942010
1778942071
1778942073
1778942120
1778942123
1778942262
